                                                       [0m
                                                       [0m
                                                       [0m
                                                       [0m
                [38;2;3;2;1m▄▄[39m                [38;2;3;2;1m▄[48;2;3;2;1m▀[39;49m                   [0m
               [38;2;3;2;1m▄[48;2;3;2;1m▀[48;2;77;109;94m▀[48;2;3;2;1m▀[49m▄[39m              [38;2;3;2;1;48;2;3;2;1m▀[48;2;125;173;151m▀[48;2;3;2;1m▀[49m▄[39m                 [0m
               [38;2;3;2;1;48;2;3;2;1m▀[38;2;101;140;122;48;2;101;140;122m▀[38;2;77;109;94m▀[48;2;77;109;94m▀[38;2;3;2;1m▀[49m▄▄[39m           [38;2;3;2;1;48;2;3;2;1m▀[48;2;101;140;122m▀[38;2;125;173;151m▀[48;2;125;173;151m▀[38;2;3;2;1;48;2;3;2;1m▀[49m▄[39m                [0m
               [38;2;3;2;1;48;2;3;2;1m▀[38;2;101;140;122;48;2;101;140;122m▀[48;2;92;144;124m▀[38;2;92;144;124;48;2;101;140;122m▀[38;2;77;109;94;48;2;92;144;124m▀[48;2;77;109;94m▀[38;2;3;2;1m▀[48;2;3;2;1m▀[49m▄▄▄[39m [38;2;3;2;1m▄▄[48;2;3;2;1m▀[48;2;101;140;122m▀▀▀▀[38;2;92;144;124;48;2;92;144;124m▀[38;2;101;140;122;48;2;101;140;122m▀[38;2;92;144;124;48;2;92;144;124m▀[38;2;125;173;151;48;2;3;2;1m▀[38;2;3;2;1m▀[39;49m                [0m
                [38;2;3;2;1;48;2;3;2;1m▀[38;2;92;144;124;48;2;101;140;122m▀[38;2;101;140;122m▀▀[38;2;92;144;124m▀▀▀▀▀[38;2;101;140;122m▀[38;2;3;2;1m▀▀[38;2;101;140;122m▀▀[38;2;92;144;124m▀▀▀▀[38;2;101;140;122m▀[48;2;77;109;94m▀[38;2;92;144;124;48;2;3;2;1m▀[38;2;3;2;1m▀[49m▄[39m                [0m
             [38;2;3;2;1m▄[48;2;3;2;1m▀[48;2;101;140;122m▀[38;2;92;144;124;48;2;92;144;124m▀[38;2;101;140;122;48;2;101;140;122m▀▀▀▀[48;2;1;1;0m▀▀▀▀[48;2;77;109;94m▀[48;2;101;140;122m▀▀▀[48;2;1;1;0m▀▀▀▀[48;2;101;140;122m▀▀▀[38;2;77;109;94m▀▀[38;2;3;2;1;48;2;3;2;1m▀[49m▄[39m          [38;2;3;2;1m▄▄[39m   [0m
             [38;2;3;2;1;48;2;3;2;1m▀[38;2;101;140;122m▀[48;2;101;140;122m▀[38;2;92;144;124;48;2;92;144;124m▀[38;2;101;140;122;48;2;101;140;122m▀[48;2;1;1;0m▀▀[38;2;1;1;0;48;2;242;235;213m▀▀[38;2;242;235;213m▀▀[38;2;1;1;0m▀[48;2;1;1;0m▀[38;2;77;109;94;48;2;77;109;94m▀[38;2;101;140;122m▀[38;2;1;1;0;48;2;1;1;0m▀[48;2;242;235;213m▀[38;2;242;235;213m▀▀[38;2;1;1;0m▀▀[38;2;101;140;122;48;2;1;1;0m▀▀[48;2;101;140;122m▀▀▀[38;2;3;2;1;48;2;3;2;1m▀[39;49m        [38;2;3;2;1m▄[48;2;125;173;151m▀[38;2;88;138;120;48;2;101;140;122m▀[38;2;3;2;1;48;2;2;2;2m▀[49m▄[39m  [0m
              [38;2;3;2;1;48;2;3;2;1m▀[38;2;101;140;122m▀[48;2;101;140;122m▀[38;2;1;1;0;48;2;1;1;0m▀[48;2;242;235;213m▀[38;2;242;235;213m▀[48;2;22;33;28m▀[38;2;22;33;28;48;2;242;235;213m▀▀▀[38;2;242;235;213;48;2;22;33;28m▀[48;2;242;235;213m▀[38;2;1;1;0m▀▀[38;2;242;235;213m▀[48;2;22;33;28m▀[38;2;22;33;28;48;2;242;235;213m▀▀▀[38;2;242;235;213;48;2;22;33;28m▀[48;2;242;235;213m▀[38;2;1;1;0m▀[48;2;1;1;0m▀[38;2;101;140;122;48;2;101;140;122m▀[38;2;3;2;1;48;2;3;2;1m▀[49m▀[39m      [38;2;3;2;1m▄[48;2;3;2;1m▀[48;2;125;173;151m▀[38;2;125;173;151;48;2;2;2;2m▀[38;2;2;2;2m▀[48;2;77;109;94m▀[38;2;3;2;1;48;2;3;2;1m▀[49m▄[39m [0m
               [38;2;3;2;1;48;2;3;2;1m▀[38;2;1;1;0;48;2;1;1;0m▀[38;2;242;235;213;48;2;242;235;213m▀▀[38;2;22;33;28;48;2;22;33;28m▀[38;2;242;235;213;48;2;242;235;213m▀▀[38;2;22;33;28;48;2;22;33;28m▀[48;2;242;235;213m▀[38;2;242;235;213m▀[38;2;22;33;28;48;2;22;33;28m▀[38;2;242;235;213m▀▀[38;2;22;33;28m▀[38;2;242;235;213;48;2;242;235;213m▀[38;2;22;33;28;48;2;22;33;28m▀[48;2;242;235;213m▀[38;2;242;235;213m▀▀[38;2;22;33;28;48;2;22;33;28m▀[38;2;242;235;213;48;2;242;235;213m▀▀[38;2;1;1;0;48;2;1;1;0m▀[39;49m     [38;2;3;2;1m▄▄[48;2;3;2;1m▀[48;2;101;140;122m▀[38;2;101;140;122m▀[38;2;2;2;2;48;2;2;2;2m▀[48;2;77;109;94m▀[38;2;77;109;94;48;2;2;2;2m▀[38;2;2;2;2m▀[38;2;77;109;94;48;2;3;2;1m▀[38;2;3;2;1m▀[39;49m [0m
                [38;2;1;1;0m▀[38;2;242;235;213;48;2;1;1;0m▀[48;2;242;235;213m▀[38;2;22;33;28m▀[38;2;242;235;213;48;2;22;33;28m▀[48;2;242;235;213m▀[38;2;22;33;28m▀▀[38;2;242;235;213;48;2;22;33;28m▀[38;2;22;33;28;48;2;217;149;67m▀[38;2;240;196;126;48;2;240;196;126m▀▀[38;2;22;33;28;48;2;217;149;67m▀[38;2;242;235;213;48;2;22;33;28m▀[38;2;22;33;28;48;2;242;235;213m▀▀[38;2;242;235;213m▀[48;2;22;33;28m▀[38;2;22;33;28;48;2;242;235;213m▀[38;2;242;235;213m▀[48;2;1;1;0m▀[38;2;1;1;0;49m▀[39m  [38;2;3;2;1m▄[48;2;3;2;1m▀[48;2;88;138;120m▀[48;2;101;140;122m▀[38;2;88;138;120m▀[38;2;101;140;122m▀▀▀▀[38;2;77;109;94m▀[38;2;2;2;2;48;2;77;109;94m▀[38;2;77;109;94m▀[38;2;3;2;1;48;2;3;2;1m▀[39;49m  [0m
           [38;2;3;2;1m▄[48;2;3;2;1m▀[48;2;88;138;120m▀[48;2;125;173;151m▀▀[48;2;3;2;1m▀[38;2;66;50;30;48;2;66;50;30m▀[38;2;1;1;0;48;2;1;1;0m▀[38;2;242;235;213m▀[48;2;242;235;213m▀[38;2;22;33;28m▀▀▀[38;2;242;235;213m▀[38;2;217;149;67m▀[48;2;217;149;67m▀▀[48;2;242;235;213m▀[38;2;242;235;213m▀[38;2;22;33;28m▀▀▀[38;2;242;235;213m▀[48;2;1;1;0m▀[38;2;1;1;0m▀[38;2;3;2;1;48;2;66;50;30m▀[48;2;3;2;1m▀[48;2;101;140;122m▀▀▀[38;2;101;140;122m▀▀▀▀▀▀▀▀[48;2;88;138;120m▀[38;2;88;138;120;48;2;3;2;1m▀[38;2;3;2;1m▀[49m▀[39m  [0m
          [38;2;3;2;1m▄[48;2;3;2;1m▀[38;2;88;138;120;48;2;88;138;120m▀[48;2;101;140;122m▀[38;2;101;140;122m▀[38;2;125;173;151m▀[38;2;3;2;1;48;2;3;2;1m▀[38;2;89;62;28;48;2;89;62;28m▀[38;2;66;50;30m▀[38;2;1;1;0;48;2;66;50;30m▀▀[48;2;1;1;0m▀[38;2;242;235;213m▀▀[48;2;242;235;213m▀▀▀▀▀▀[48;2;1;1;0m▀▀[38;2;1;1;0m▀[48;2;89;62;28m▀▀[38;2;89;62;28m▀[38;2;66;50;30;48;2;66;50;30m▀[38;2;3;2;1;48;2;3;2;1m▀[38;2;101;140;122;48;2;101;140;122m▀▀▀▀▀▀▀▀▀[48;2;88;138;120m▀[38;2;88;138;120;48;2;3;2;1m▀[38;2;3;2;1m▀[49m▀[39m    [0m
          [38;2;3;2;1;48;2;3;2;1m▀[38;2;88;138;120;48;2;88;138;120m▀[48;2;101;140;122m▀[38;2;101;140;122m▀▀▀[38;2;3;2;1m▀[48;2;88;138;120m▀[48;2;3;2;1m▀[38;2;89;62;28m▀[48;2;2;2;2m▀[38;2;66;50;30m▀▀[38;2;1;1;0m▀▀▀[48;2;89;62;28m▀▀▀▀▀[38;2;89;62;28m▀[48;2;240;207;128m▀[38;2;240;207;128;48;2;66;50;30m▀▀[38;2;89;62;28;48;2;240;207;128m▀[48;2;89;62;28m▀[38;2;66;50;30;48;2;66;50;30m▀[38;2;3;2;1;48;2;3;2;1m▀[38;2;101;140;122;48;2;101;140;122m▀▀▀▀▀▀▀[38;2;88;138;120;48;2;3;2;1m▀[38;2;3;2;1m▀[49m▀[39m      [0m
          [38;2;3;2;1;48;2;3;2;1m▀[38;2;101;140;122;48;2;101;140;122m▀▀▀▀▀▀▀[38;2;88;138;120m▀[38;2;3;2;1;48;2;3;2;1m▀[38;2;140;101;107m▀[48;2;140;101;107m▀[38;2;120;84;89m▀▀[48;2;120;84;89m▀[38;2;2;2;2;48;2;2;2;2m▀[38;2;89;62;28;48;2;89;62;28m▀[48;2;217;149;67m▀[48;2;2;2;2m▀[48;2;89;62;28m▀▀▀▀[48;2;240;207;128m▀[38;2;66;50;30m▀[38;2;89;62;28;48;2;89;62;28m▀▀[48;2;3;2;1m▀[38;2;3;2;1;48;2;101;140;122m▀[38;2;101;140;122m▀▀▀▀▀[48;2;77;109;94m▀[38;2;77;109;94;48;2;3;2;1m▀[38;2;3;2;1m▀[39;49m        [0m
          [38;2;3;2;1;48;2;3;2;1m▀[38;2;77;109;94;48;2;77;109;94m▀[38;2;101;140;122;48;2;101;140;122m▀▀▀▀▀▀▀[38;2;88;138;120m▀[38;2;3;2;1;48;2;88;138;120m▀▀[48;2;3;2;1m▀[38;2;140;101;107m▀[48;2;140;101;107m▀[38;2;2;2;2;48;2;2;2;2m▀[38;2;89;62;28;48;2;89;62;28m▀[38;2;66;50;30m▀▀[38;2;89;62;28m▀▀▀▀▀▀▀▀[38;2;3;2;1;48;2;3;2;1m▀[38;2;101;140;122;48;2;101;140;122m▀[48;2;77;109;94m▀▀▀[38;2;77;109;94m▀[48;2;3;2;1m▀[38;2;3;2;1m▀[49m▀[39m         [0m
          [38;2;3;2;1m▀[48;2;3;2;1m▀[38;2;77;109;94m▀[38;2;101;140;122;48;2;77;109;94m▀[48;2;101;140;122m▀▀▀▀▀▀▀[38;2;88;138;120;48;2;3;2;1m▀▀[38;2;3;2;1;48;2;88;138;120m▀[48;2;3;2;1m▀[38;2;2;2;2m▀[38;2;89;62;28;48;2;89;62;28m▀[38;2;217;149;67;48;2;66;50;30m▀[38;2;2;2;2m▀[38;2;89;62;28;48;2;89;62;28m▀▀▀▀▀▀▀▀[38;2;3;2;1;48;2;3;2;1m▀[38;2;77;109;94m▀▀[38;2;3;2;1m▀[49m▀▀[39m            [0m
            [38;2;3;2;1m▀[48;2;3;2;1m▀[38;2;77;109;94m▀[38;2;101;140;122;48;2;77;109;94m▀[48;2;88;138;120m▀▀[48;2;101;140;122m▀[38;2;3;2;1;48;2;3;2;1m▀[38;2;101;140;122m▀[38;2;77;109;94m▀[38;2;3;2;1;48;2;77;109;94m▀[48;2;3;2;1m▀[38;2;88;138;120;48;2;88;138;120m▀[38;2;3;2;1;48;2;3;2;1m▀[38;2;89;62;28;48;2;89;62;28m▀▀[48;2;3;2;1m▀[48;2;89;62;28m▀▀▀▀▀▀▀[48;2;3;2;1m▀[38;2;3;2;1m▀[39;49m                 [0m
              [38;2;3;2;1m▀▀[48;2;3;2;1m▀[38;2;77;109;94m▀[38;2;88;138;120m▀[38;2;77;109;94;48;2;88;138;120m▀▀[38;2;3;2;1;48;2;77;109;94m▀[48;2;3;2;1m▀▀▀[48;2;66;50;30m▀[38;2;66;50;30;48;2;3;2;1m▀[38;2;3;2;1;48;2;101;140;122m▀[38;2;77;109;94m▀[38;2;3;2;1;48;2;77;109;94m▀[38;2;89;62;28;48;2;3;2;1m▀▀▀▀▀[38;2;3;2;1m▀[49m▀[39m                  [0m
                  [38;2;3;2;1m▀▀▀▀▀[38;2;217;149;67;48;2;181;118;42m▀[48;2;217;149;67m▀▀[49m▄[39m     [38;2;217;149;67m▀[48;2;181;118;42m▀▀[48;2;217;149;67m▀[49m▄[39m                  [0m
                        [38;2;181;118;42m▀[39m [38;2;181;118;42m▀[39m       [38;2;181;118;42m▀[39m [38;2;181;118;42m▀[39m                  [0m
                                                       [0m
                                                       [0m
                                                       [0m
                                                       [0m
